3.999640e+003,6.375633e-001
4.003497e+003,5.501881e-001
4.007354e+003,5.897840e-001
4.011211e+003,6.184430e-001
4.015068e+003,4.905037e-001
4.018925e+003,4.108301e-001
4.022781e+003,5.759110e-001
4.026638e+003,6.538706e-001
4.030495e+003,6.069532e-001
4.034352e+003,5.361187e-001
4.038209e+003,5.819382e-001
4.042066e+003,7.114161e-001
4.045923e+003,6.129496e-001
4.049780e+003,6.072017e-001
4.053637e+003,5.722445e-001
4.057494e+003,5.067971e-001
4.061351e+003,5.357494e-001
4.065208e+003,5.226593e-001
4.069065e+003,6.818582e-001
4.072922e+003,7.477491e-001
4.076779e+003,6.481409e-001
4.080635e+003,6.474425e-001
4.084492e+003,7.845978e-001
4.088349e+003,9.450130e-001
4.092206e+003,9.487123e-001
4.096063e+003,8.167005e-001
4.099920e+003,8.986576e-001
4.103777e+003,9.836069e-001
4.107634e+003,1.011009e+000
4.111491e+003,1.168498e+000
4.115348e+003,1.056439e+000
4.119205e+003,1.034849e+000
4.123062e+003,1.145628e+000
4.126919e+003,1.201345e+000
4.130775e+003,1.177537e+000
4.134633e+003,1.093443e+000
4.138489e+003,1.100429e+000
4.142347e+003,1.077160e+000
4.146203e+003,1.137501e+000
4.150061e+003,1.205369e+000
4.153917e+003,1.175570e+000
4.157774e+003,1.156157e+000
4.161631e+003,1.127786e+000
4.165488e+003,1.114739e+000
4.169345e+003,1.160599e+000
4.173202e+003,1.161457e+000
4.177059e+003,1.130740e+000
4.180916e+003,1.113018e+000
4.184772e+003,1.111757e+000
4.188630e+003,1.143969e+000
4.192486e+003,1.143759e+000
4.196344e+003,1.120214e+000
4.200200e+003,1.109290e+000
4.204058e+003,1.107395e+000
4.207914e+003,1.111189e+000
4.211771e+003,1.094457e+000
4.215628e+003,1.090860e+000
4.219485e+003,1.105150e+000
4.223342e+003,1.133757e+000
4.227199e+003,1.151032e+000
4.231056e+003,1.149418e+000
4.234913e+003,1.125101e+000
4.238770e+003,1.126790e+000
4.242627e+003,1.133099e+000
4.246483e+003,1.137534e+000
4.250341e+003,1.130300e+000
4.254197e+003,1.113212e+000
4.258055e+003,1.111828e+000
4.261911e+003,1.142022e+000
4.265769e+003,1.151746e+000
4.269625e+003,1.145217e+000
4.273482e+003,1.148931e+000
4.277339e+003,1.148922e+000
4.281196e+003,1.115641e+000
4.285053e+003,1.115335e+000
4.288910e+003,1.132854e+000
4.292767e+003,1.143668e+000
4.296624e+003,1.148292e+000
4.300480e+003,1.147914e+000
4.304338e+003,1.145454e+000
4.308194e+003,1.130696e+000
4.312052e+003,1.120252e+000
4.315908e+003,1.117571e+000
4.319766e+003,1.127453e+000
4.323622e+003,1.135008e+000
4.327479e+003,1.127108e+000
4.331336e+003,1.109294e+000
4.335193e+003,1.107412e+000
4.339050e+003,1.118150e+000
4.342907e+003,1.114805e+000
4.346764e+003,1.104335e+000
4.350621e+003,1.094480e+000
4.354478e+003,1.103850e+000
4.358335e+003,1.115623e+000
4.362191e+003,1.105110e+000
4.366049e+003,1.093390e+000
4.369905e+003,1.081606e+000
4.373763e+003,1.087291e+000
4.377619e+003,1.095784e+000
4.381477e+003,1.087461e+000
4.385333e+003,1.078888e+000
4.389190e+003,1.070878e+000
4.393047e+003,1.077708e+000
4.396904e+003,1.072990e+000
4.400761e+003,1.054153e+000
4.404618e+003,1.056041e+000
4.408475e+003,1.053511e+000
4.412332e+003,1.057881e+000
4.416188e+003,1.056640e+000
4.420046e+003,1.057792e+000
4.423902e+003,1.045095e+000
4.427760e+003,1.043492e+000
4.431616e+003,1.046005e+000
4.435474e+003,1.039949e+000
4.439330e+003,1.034816e+000
4.443188e+003,1.030961e+000
4.447044e+003,1.022333e+000
4.450901e+003,1.017536e+000
4.454758e+003,1.010453e+000
4.458615e+003,1.005990e+000
4.462472e+003,1.002884e+000
4.466329e+003,9.939407e-001
4.470186e+003,9.935694e-001
4.474043e+003,9.931673e-001
4.477899e+003,9.926258e-001
4.481757e+003,9.934402e-001
4.485613e+003,9.922634e-001
4.489471e+003,9.914849e-001
4.493327e+003,9.951976e-001
4.497185e+003,9.979527e-001
4.501041e+003,9.983516e-001
4.504898e+003,1.001309e+000
4.508755e+003,9.972364e-001
4.512612e+003,9.938394e-001
4.516469e+003,9.954797e-001
4.520326e+003,9.921561e-001
4.524183e+003,9.920422e-001
4.528040e+003,9.968201e-001
4.531896e+003,9.954743e-001
4.535754e+003,9.994428e-001
4.539610e+003,1.003961e+000
4.543468e+003,1.011264e+000
4.547324e+003,1.015892e+000
4.551182e+003,1.018276e+000
4.555038e+003,1.015602e+000
4.558896e+003,1.015924e+000
4.562752e+003,1.013929e+000
4.566609e+003,1.017271e+000
4.570466e+003,1.024659e+000
4.574323e+003,1.032842e+000
4.578180e+003,1.036757e+000
4.582037e+003,1.038130e+000
4.585894e+003,1.039646e+000
4.589751e+003,1.039848e+000
4.593607e+003,1.040604e+000
4.597465e+003,1.040559e+000
4.601321e+003,1.042527e+000
4.605179e+003,1.044853e+000
4.609035e+003,1.044525e+000
4.612893e+003,1.045080e+000
4.616749e+003,1.046643e+000
4.620606e+003,1.050588e+000
4.624463e+003,1.052880e+000
4.628320e+003,1.050081e+000
4.632177e+003,1.049708e+000
4.636034e+003,1.052868e+000
4.639891e+003,1.056010e+000
4.643748e+003,1.060629e+000
4.647604e+003,1.059046e+000
4.651462e+003,1.057004e+000
4.655318e+003,1.060051e+000
4.659176e+003,1.063545e+000
4.663032e+003,1.063187e+000
4.666890e+003,1.062190e+000
4.670746e+003,1.064522e+000
4.674604e+003,1.066177e+000
4.678460e+003,1.064841e+000
4.682317e+003,1.064894e+000
4.686174e+003,1.066189e+000
4.690031e+003,1.066991e+000
4.693888e+003,1.067785e+000
4.697745e+003,1.069620e+000
4.701602e+003,1.069832e+000
4.705459e+003,1.069803e+000
4.709315e+003,1.073321e+000
4.713173e+003,1.073770e+000
4.717029e+003,1.076108e+000
4.720887e+003,1.076324e+000
4.724743e+003,1.075899e+000
4.728601e+003,1.076108e+000
4.732457e+003,1.075675e+000
4.736314e+003,1.074372e+000
4.740171e+003,1.076360e+000
4.744028e+003,1.080122e+000
4.747885e+003,1.078337e+000
4.751742e+003,1.075744e+000
4.755599e+003,1.079077e+000
4.759456e+003,1.081598e+000
4.763313e+003,1.082358e+000
4.767170e+003,1.077677e+000
4.771026e+003,1.076806e+000
4.774884e+003,1.077548e+000
4.778740e+003,1.079343e+000
4.782598e+003,1.080217e+000
4.786454e+003,1.081814e+000
4.790312e+003,1.081282e+000
4.794168e+003,1.078369e+000
4.798025e+003,1.078451e+000
4.801882e+003,1.077730e+000
4.805739e+003,1.078260e+000
4.809596e+003,1.080505e+000
4.813453e+003,1.076328e+000
4.817310e+003,1.075264e+000
4.821167e+003,1.073625e+000
4.825023e+003,1.075516e+000
4.828881e+003,1.074950e+000
4.832737e+003,1.072756e+000
4.836595e+003,1.068612e+000
4.840451e+003,1.066563e+000
4.844309e+003,1.063821e+000
4.848165e+003,1.064093e+000
4.852022e+003,1.067030e+000
4.855879e+003,1.066460e+000
4.859736e+003,1.065591e+000
4.863593e+003,1.064364e+000
4.867450e+003,1.062641e+000
4.871307e+003,1.061834e+000
4.875164e+003,1.059983e+000
4.879021e+003,1.059010e+000
4.882878e+003,1.054918e+000
4.886734e+003,1.050031e+000
4.890592e+003,1.048709e+000
4.894448e+003,1.047918e+000
4.898306e+003,1.045795e+000
4.902162e+003,1.045678e+000
4.906020e+003,1.042340e+000
4.909876e+003,1.039026e+000
4.913733e+003,1.035357e+000
4.917590e+003,1.032357e+000
4.921447e+003,1.031379e+000
4.925304e+003,1.030859e+000
4.929161e+003,1.028111e+000
4.933018e+003,1.023733e+000
4.936875e+003,1.019215e+000
4.940731e+003,1.016969e+000
4.944589e+003,1.016253e+000
4.948445e+003,1.015050e+000
4.952303e+003,1.014232e+000
4.956159e+003,1.014002e+000
4.960017e+003,1.012503e+000
4.963873e+003,1.010779e+000
4.967730e+003,1.009035e+000
4.971587e+003,1.010437e+000
4.975444e+003,1.011432e+000
4.979301e+003,1.009735e+000
4.983158e+003,1.008994e+000
4.987015e+003,1.012304e+000
4.990872e+003,1.012637e+000
4.994729e+003,1.010874e+000
4.998586e+003,1.013641e+000
5.002442e+003,1.016016e+000
5.006300e+003,1.016737e+000
5.010156e+003,1.018596e+000
5.014014e+003,1.020399e+000
5.017870e+003,1.021942e+000
5.021728e+003,1.021770e+000
5.025584e+003,1.025249e+000
5.029441e+003,1.032123e+000
5.033298e+003,1.033534e+000
5.037155e+003,1.032580e+000
5.041012e+003,1.032833e+000
5.044869e+003,1.033609e+000
5.048726e+003,1.035273e+000
5.052583e+003,1.038739e+000
5.056439e+003,1.041276e+000
5.060297e+003,1.044468e+000
5.064153e+003,1.047277e+000
5.068011e+003,1.049029e+000
5.071867e+003,1.052673e+000
5.075725e+003,1.053856e+000
5.079581e+003,1.054726e+000
5.083438e+003,1.057755e+000
5.087295e+003,1.060220e+000
5.091152e+003,1.060038e+000
5.095009e+003,1.059482e+000
5.098866e+003,1.062721e+000
5.102723e+003,1.068373e+000
5.106580e+003,1.071323e+000
5.110437e+003,1.070745e+000
5.114294e+003,1.075005e+000
5.118150e+003,1.081672e+000
5.122008e+003,1.084298e+000
5.125864e+003,1.085032e+000
5.129722e+003,1.086920e+000
5.133578e+003,1.087226e+000
5.137436e+003,1.088990e+000
5.141292e+003,1.091471e+000
5.145149e+003,1.093859e+000
5.149006e+003,1.097688e+000
5.152863e+003,1.099992e+000
5.156720e+003,1.100470e+000
5.160577e+003,1.099959e+000
5.164434e+003,1.101620e+000
5.168291e+003,1.103889e+000
5.172147e+003,1.103870e+000
5.176005e+003,1.102930e+000
5.179861e+003,1.104930e+000
5.183719e+003,1.104494e+000
5.187575e+003,1.101129e+000
5.191433e+003,1.099482e+000
5.195289e+003,1.097685e+000
5.199146e+003,1.095605e+000
5.203003e+003,1.094269e+000
5.206860e+003,1.092476e+000
5.210717e+003,1.087972e+000
5.214574e+003,1.081146e+000
5.218431e+003,1.074225e+000
5.222288e+003,1.068630e+000
5.226145e+003,1.062622e+000
5.230002e+003,1.057140e+000
5.233858e+003,1.052822e+000
5.237716e+003,1.045048e+000
5.241572e+003,1.038126e+000
5.245430e+003,1.028252e+000
5.249286e+003,1.018211e+000
5.253144e+003,1.010837e+000
5.257000e+003,1.004128e+000
5.260857e+003,9.953461e-001
5.264714e+003,9.837812e-001
5.268571e+003,9.719545e-001
5.272428e+003,9.633886e-001
5.276285e+003,9.551549e-001
5.280142e+003,9.472492e-001
5.283999e+003,9.407855e-001
5.287855e+003,9.350494e-001
5.291713e+003,9.283016e-001
5.295569e+003,9.212699e-001
5.299427e+003,9.155780e-001
5.303283e+003,9.120533e-001
5.307141e+003,9.106780e-001
5.310997e+003,9.065397e-001
5.314854e+003,9.014835e-001
5.318711e+003,8.995561e-001
5.322568e+003,8.975671e-001
5.326425e+003,8.965527e-001
5.330282e+003,8.940589e-001
5.334139e+003,8.913100e-001
5.337996e+003,8.909763e-001
5.341853e+003,8.885348e-001
5.345710e+003,8.868615e-001
5.349566e+003,8.859739e-001
5.353424e+003,8.843457e-001
5.357280e+003,8.824027e-001
5.361138e+003,8.823063e-001
5.364994e+003,8.804766e-001
5.368852e+003,8.797995e-001
5.372708e+003,8.811403e-001
5.376565e+003,8.805400e-001
5.380422e+003,8.771916e-001
5.384279e+003,8.761560e-001
5.388136e+003,8.772794e-001
5.391993e+003,8.791247e-001
5.395850e+003,8.791853e-001
5.399707e+003,8.773175e-001
5.403563e+003,8.787805e-001
5.407421e+003,8.807474e-001
5.411277e+003,8.820679e-001
5.415135e+003,8.817958e-001
5.418991e+003,8.819774e-001
5.422849e+003,8.831014e-001
5.426705e+003,8.844967e-001
5.430563e+003,8.840458e-001
5.434419e+003,8.823813e-001
5.438276e+003,8.830706e-001
5.442133e+003,8.848876e-001
5.445990e+003,8.857630e-001
5.449847e+003,8.875167e-001
5.453704e+003,8.878353e-001
5.457561e+003,8.880597e-001
5.461418e+003,8.890774e-001
5.465274e+003,8.892474e-001
5.469132e+003,8.896677e-001
5.472988e+003,8.909811e-001
5.476846e+003,8.925846e-001
5.480702e+003,8.917818e-001
5.484560e+003,8.921938e-001
5.488416e+003,8.961425e-001
5.492273e+003,8.977302e-001
5.496130e+003,8.956231e-001
5.499987e+003,8.949133e-001
5.503844e+003,8.964807e-001
5.507701e+003,8.961030e-001
5.511558e+003,8.958814e-001
5.515415e+003,8.964220e-001
5.519271e+003,8.985494e-001
5.523129e+003,8.991110e-001
5.526985e+003,9.000811e-001
5.530843e+003,8.990106e-001
5.534699e+003,8.980742e-001
5.538557e+003,8.979704e-001
5.542413e+003,9.003853e-001
5.546271e+003,9.043108e-001
5.550127e+003,9.048792e-001
5.553984e+003,9.028332e-001
5.557841e+003,9.023127e-001
5.561698e+003,9.040871e-001
5.565555e+003,9.059811e-001
5.569412e+003,9.055845e-001
5.573269e+003,9.052871e-001
5.577126e+003,9.052795e-001
5.580982e+003,9.055560e-001
5.584840e+003,9.059876e-001
5.588696e+003,9.065233e-001
5.592554e+003,9.086900e-001
5.596410e+003,9.089215e-001
5.600268e+003,9.089881e-001
5.604124e+003,9.084482e-001
5.607981e+003,9.084198e-001
5.611838e+003,9.090599e-001
5.615695e+003,9.086135e-001
5.619552e+003,9.085410e-001
5.623409e+003,9.074913e-001
5.627266e+003,9.076404e-001
5.631123e+003,9.089100e-001
5.634979e+003,9.081859e-001
5.638837e+003,9.083183e-001
5.642693e+003,9.082479e-001
5.646551e+003,9.069269e-001
5.650407e+003,9.060109e-001
5.654265e+003,9.051390e-001
5.658121e+003,9.045920e-001
5.661979e+003,9.054555e-001
5.665835e+003,9.067703e-001
5.669692e+003,9.067110e-001
5.673549e+003,9.051344e-001
5.677406e+003,9.038543e-001
5.681263e+003,9.029419e-001
5.685120e+003,9.007850e-001
5.688977e+003,9.010043e-001
5.692834e+003,9.023906e-001
5.696690e+003,9.014373e-001
5.700548e+003,9.013458e-001
5.704404e+003,9.025368e-001
5.708262e+003,9.026766e-001
5.712118e+003,9.016297e-001
5.715976e+003,9.016017e-001
5.719832e+003,9.006531e-001
5.723689e+003,8.988712e-001
5.727546e+003,8.987969e-001
5.731403e+003,8.985822e-001
5.735260e+003,8.984262e-001
5.739117e+003,8.977314e-001
5.742974e+003,8.965948e-001
5.746831e+003,8.952881e-001
5.750688e+003,8.961045e-001
5.754545e+003,8.956932e-001
5.758401e+003,8.946385e-001
5.762259e+003,8.940733e-001
5.766115e+003,8.938450e-001
5.769973e+003,8.940731e-001
5.773829e+003,8.939505e-001
5.777687e+003,8.932308e-001
5.781543e+003,8.912498e-001
5.785400e+003,8.891751e-001
5.789257e+003,8.901114e-001
5.793114e+003,8.902017e-001
5.796971e+003,8.900818e-001
5.800828e+003,8.888969e-001
5.804685e+003,8.875262e-001
5.808542e+003,8.882859e-001
5.812398e+003,8.884330e-001
5.816256e+003,8.877161e-001
5.820112e+003,8.868797e-001
5.823970e+003,8.860870e-001
5.827826e+003,8.853874e-001
5.831684e+003,8.850878e-001
5.835540e+003,8.835238e-001
5.839397e+003,8.833438e-001
5.843254e+003,8.829765e-001
5.847111e+003,8.825663e-001
5.850968e+003,8.838537e-001
5.854825e+003,8.825653e-001
5.858682e+003,8.808899e-001
5.862539e+003,8.804861e-001
5.866396e+003,8.813337e-001
5.870253e+003,8.822294e-001
5.874109e+003,8.806247e-001
5.877967e+003,8.798300e-001
5.881823e+003,8.797174e-001
5.885681e+003,8.786736e-001
5.889537e+003,8.774052e-001
5.893395e+003,8.764417e-001
5.897251e+003,8.768536e-001
5.901108e+003,8.764213e-001
5.904965e+003,8.759333e-001
5.908822e+003,8.752192e-001
5.912679e+003,8.735978e-001
5.916536e+003,8.719684e-001
5.920393e+003,8.709739e-001
5.924250e+003,8.700095e-001
5.928106e+003,8.682812e-001
5.931964e+003,8.667722e-001
5.935820e+003,8.650227e-001
5.939678e+003,8.632296e-001
5.943534e+003,8.637342e-001
5.947392e+003,8.620704e-001
5.951248e+003,8.595891e-001
5.955105e+003,8.589324e-001
5.958962e+003,8.579963e-001
5.962819e+003,8.577888e-001
5.966676e+003,8.569825e-001
5.970533e+003,8.565149e-001
5.974390e+003,8.560454e-001
5.978247e+003,8.569377e-001
5.982104e+003,8.555043e-001
5.985961e+003,8.543863e-001
5.989817e+003,8.552034e-001
5.993675e+003,8.544692e-001
5.997531e+003,8.531010e-001
6.001389e+003,8.517448e-001
6.005245e+003,8.515674e-001
6.009103e+003,8.522927e-001
6.012959e+003,8.545759e-001
6.016816e+003,8.558027e-001
6.020673e+003,8.545316e-001
6.024530e+003,8.538348e-001
6.028387e+003,8.548502e-001
6.032244e+003,8.549702e-001
6.036101e+003,8.540579e-001
6.039958e+003,8.549420e-001
6.043814e+003,8.555158e-001
6.047672e+003,8.552899e-001
6.051528e+003,8.560091e-001
6.055386e+003,8.563634e-001
6.059242e+003,8.556580e-001
6.063100e+003,8.562509e-001
6.066956e+003,8.575038e-001
6.070813e+003,8.571955e-001
6.074670e+003,8.570929e-001
6.078527e+003,8.569574e-001
6.082384e+003,8.577647e-001
6.086241e+003,8.596108e-001
6.090098e+003,8.600377e-001
6.093955e+003,8.614500e-001
6.097812e+003,8.628626e-001
6.101669e+003,8.622769e-001
6.105525e+003,8.614179e-001
6.109383e+003,8.610902e-001
6.113239e+003,8.613214e-001
6.117097e+003,8.635699e-001
6.120953e+003,8.638515e-001
6.124811e+003,8.633857e-001
6.128667e+003,8.634931e-001
6.132524e+003,8.654364e-001
6.136381e+003,8.655811e-001
6.140238e+003,8.652708e-001
6.144095e+003,8.668581e-001
6.147952e+003,8.687922e-001
6.151809e+003,8.680320e-001
6.155666e+003,8.676573e-001
6.159522e+003,8.673322e-001
6.163380e+003,8.676569e-001
6.167236e+003,8.693027e-001
6.171094e+003,8.695229e-001
6.174950e+003,8.703279e-001
6.178808e+003,8.719414e-001
6.182664e+003,8.731030e-001
6.186521e+003,8.737790e-001
6.190378e+003,8.736233e-001
6.194235e+003,8.727403e-001
6.198092e+003,8.728673e-001
6.201949e+003,8.728760e-001
6.205806e+003,8.740638e-001
6.209663e+003,8.766738e-001
6.213520e+003,8.758147e-001
6.217377e+003,8.754395e-001
6.221233e+003,8.776829e-001
6.225091e+003,8.774890e-001
6.228947e+003,8.786759e-001
6.232805e+003,8.780333e-001
6.236661e+003,8.758038e-001
6.240519e+003,8.753762e-001
6.244375e+003,8.768961e-001
6.248232e+003,8.769131e-001
6.252089e+003,8.784057e-001
6.255946e+003,8.801728e-001
6.259803e+003,8.798175e-001
6.263660e+003,8.786255e-001
6.267517e+003,8.801252e-001
6.271374e+003,8.828181e-001
6.275230e+003,8.828366e-001
6.279088e+003,8.829427e-001
6.282944e+003,8.830320e-001
6.286802e+003,8.842686e-001
6.290658e+003,8.848259e-001
6.294516e+003,8.835312e-001
6.298372e+003,8.856220e-001
6.302229e+003,8.855658e-001
6.306086e+003,8.848600e-001
6.309943e+003,8.862020e-001
6.313800e+003,8.870577e-001
6.317657e+003,8.880399e-001
6.321514e+003,8.888849e-001
6.325371e+003,8.883353e-001
6.329228e+003,8.879204e-001
6.333085e+003,8.874076e-001
6.336941e+003,8.891133e-001
6.340799e+003,8.903013e-001
6.344655e+003,8.888985e-001
6.348513e+003,8.873893e-001
6.352369e+003,8.878910e-001
6.356227e+003,8.878762e-001
6.360083e+003,8.891660e-001
6.363940e+003,8.888417e-001
6.367797e+003,8.890790e-001
6.371654e+003,8.898529e-001
6.375511e+003,8.907651e-001
6.379368e+003,8.914136e-001
6.383225e+003,8.909724e-001
6.387082e+003,8.911246e-001
6.390938e+003,8.920777e-001
6.394796e+003,8.921441e-001
6.398652e+003,8.934723e-001
6.402510e+003,8.935797e-001
6.406366e+003,8.934250e-001
6.410224e+003,8.920396e-001
6.414080e+003,8.935380e-001
6.417938e+003,8.946003e-001
6.421794e+003,8.944358e-001
6.425651e+003,8.954476e-001
6.429508e+003,8.937647e-001
6.433365e+003,8.939924e-001
6.437222e+003,8.945320e-001
6.441079e+003,8.960143e-001
6.444936e+003,8.967260e-001
6.448793e+003,8.952260e-001
6.452649e+003,8.946023e-001
6.456507e+003,8.954371e-001
6.460363e+003,8.944624e-001
6.464221e+003,8.934310e-001
6.468077e+003,8.945297e-001
6.471935e+003,8.945392e-001
6.475791e+003,8.947043e-001
6.479648e+003,8.942595e-001
6.483505e+003,8.943767e-001
6.487362e+003,8.943947e-001
6.491219e+003,8.933195e-001
6.495076e+003,8.935816e-001
6.498933e+003,8.935986e-001
6.502790e+003,8.931389e-001
6.506646e+003,8.925306e-001
6.510504e+003,8.926908e-001
6.514360e+003,8.925128e-001
6.518218e+003,8.941230e-001
6.522074e+003,8.933747e-001
6.525932e+003,8.925897e-001
6.529788e+003,8.936347e-001
6.533646e+003,8.948787e-001
6.537502e+003,8.955916e-001
6.541359e+003,8.941075e-001
6.545216e+003,8.953214e-001
6.549073e+003,8.967059e-001
6.552930e+003,8.969496e-001
6.556787e+003,8.973019e-001
6.560644e+003,8.964319e-001
6.564501e+003,8.944222e-001
6.568357e+003,8.955558e-001
6.572215e+003,8.993236e-001
6.576071e+003,9.000978e-001
6.579929e+003,8.991862e-001
6.583785e+003,8.997304e-001
6.587643e+003,8.994415e-001
6.591499e+003,9.000018e-001
6.595356e+003,9.011499e-001
6.599213e+003,9.020569e-001
6.603070e+003,9.013651e-001
6.606927e+003,9.024056e-001
6.610784e+003,9.044696e-001
6.614641e+003,9.058077e-001
6.618498e+003,9.062338e-001
6.622354e+003,9.058075e-001
6.626212e+003,9.045064e-001
6.630068e+003,9.044423e-001
6.633926e+003,9.045509e-001
6.637782e+003,9.068181e-001
6.641640e+003,9.087584e-001
6.645496e+003,9.083736e-001
6.649354e+003,9.092261e-001
6.653210e+003,9.101185e-001
6.657067e+003,9.115955e-001
6.660924e+003,9.105909e-001
6.664781e+003,9.101633e-001
6.668638e+003,9.107525e-001
6.672495e+003,9.120274e-001
6.676352e+003,9.132237e-001
6.680209e+003,9.142875e-001
6.684065e+003,9.157769e-001
6.687923e+003,9.151472e-001
6.691779e+003,9.147289e-001
6.695637e+003,9.170673e-001
6.699493e+003,9.191560e-001
6.703351e+003,9.195952e-001
6.707207e+003,9.201046e-001
6.711064e+003,9.209123e-001
6.714921e+003,9.220092e-001
6.718778e+003,9.215758e-001
6.722635e+003,9.230978e-001
6.726492e+003,9.235231e-001
6.730349e+003,9.224431e-001
6.734206e+003,9.249345e-001
6.738063e+003,9.259080e-001
6.741920e+003,9.255077e-001
6.745776e+003,9.269807e-001
6.749634e+003,9.277692e-001
6.753490e+003,9.267380e-001
6.757348e+003,9.249890e-001
6.761204e+003,9.266900e-001
6.765062e+003,9.285340e-001
6.768918e+003,9.289482e-001
6.772775e+003,9.295318e-001
6.776632e+003,9.290361e-001
6.780489e+003,9.290866e-001
6.784346e+003,9.306520e-001
6.788203e+003,9.329712e-001
6.792060e+003,9.344311e-001
6.795917e+003,9.353567e-001
6.799773e+003,9.356309e-001
6.803631e+003,9.330932e-001
6.807487e+003,9.361459e-001
6.811345e+003,9.372287e-001
6.815201e+003,9.367951e-001
6.819059e+003,9.355121e-001
6.822915e+003,9.358752e-001
6.826772e+003,9.370584e-001
6.830629e+003,9.369483e-001
6.834486e+003,9.359478e-001
6.838343e+003,9.350971e-001
6.842200e+003,9.360337e-001
6.846057e+003,9.377028e-001
6.849914e+003,9.382256e-001
6.853771e+003,9.378768e-001
6.857628e+003,9.373964e-001
6.861484e+003,9.377513e-001
6.865342e+003,9.376608e-001
6.869198e+003,9.367667e-001
6.873056e+003,9.381469e-001
6.876912e+003,9.386467e-001
6.880770e+003,9.357772e-001
6.884626e+003,9.354754e-001
6.888483e+003,9.342985e-001
6.892340e+003,9.363244e-001
6.896197e+003,9.353851e-001
6.900054e+003,9.344232e-001
6.903911e+003,9.356656e-001
6.907768e+003,9.341908e-001
6.911625e+003,9.336839e-001
6.915481e+003,9.315059e-001
6.919339e+003,9.318388e-001
6.923195e+003,9.343050e-001
6.927053e+003,9.338381e-001
6.930909e+003,9.327158e-001
6.934767e+003,9.296860e-001
6.938623e+003,9.282084e-001
6.942480e+003,9.296126e-001
6.946337e+003,9.293154e-001
6.950194e+003,9.255476e-001
6.954051e+003,9.249977e-001
6.957908e+003,9.241374e-001
6.961765e+003,9.223508e-001
6.965622e+003,9.209186e-001
6.969479e+003,9.182544e-001
6.973336e+003,9.153337e-001
6.977192e+003,9.147584e-001
6.981050e+003,9.144644e-001
6.984906e+003,9.118392e-001
6.988764e+003,9.078778e-001
6.992620e+003,9.057472e-001
6.996478e+003,9.015431e-001
7.000334e+003,8.979145e-001
7.004191e+003,8.962401e-001
7.008048e+003,8.944035e-001
7.011905e+003,8.916691e-001
7.015762e+003,8.878383e-001
7.019619e+003,8.846424e-001
7.023476e+003,8.818893e-001
7.027333e+003,8.765145e-001
7.031189e+003,8.736264e-001
7.035047e+003,8.701344e-001
7.038903e+003,8.675145e-001
7.042761e+003,8.646675e-001
7.046617e+003,8.623600e-001
7.050475e+003,8.590352e-001
7.054331e+003,8.538567e-001
7.058188e+003,8.498816e-001
7.062045e+003,8.487179e-001
7.065902e+003,8.438479e-001
7.069759e+003,8.387475e-001
7.073616e+003,8.366791e-001
7.077473e+003,8.323848e-001
7.081330e+003,8.296494e-001
7.085187e+003,8.272853e-001
7.089044e+003,8.223839e-001
7.092900e+003,8.214224e-001
7.096758e+003,8.176708e-001
7.100614e+003,8.143435e-001
7.104472e+003,8.135410e-001
7.108328e+003,8.107444e-001
7.112186e+003,8.048075e-001
7.116042e+003,8.019649e-001
7.119899e+003,8.001331e-001
7.123756e+003,7.963637e-001
7.127613e+003,7.925743e-001
7.131470e+003,7.922795e-001
7.135327e+003,7.921416e-001
7.139184e+003,7.891515e-001
7.143041e+003,7.854208e-001
7.146897e+003,7.815216e-001
7.150755e+003,7.796662e-001
7.154611e+003,7.778554e-001
7.158469e+003,7.769923e-001
7.162325e+003,7.759131e-001
7.166183e+003,7.731898e-001
7.170039e+003,7.711892e-001
7.173896e+003,7.701119e-001
7.177753e+003,7.689357e-001
7.181610e+003,7.695654e-001
7.185467e+003,7.678009e-001
7.189324e+003,7.659169e-001
7.193181e+003,7.641200e-001
7.197038e+003,7.616601e-001
7.200895e+003,7.587612e-001
7.204752e+003,7.571536e-001
7.208608e+003,7.562271e-001
7.212466e+003,7.573498e-001
7.216322e+003,7.566460e-001
7.220180e+003,7.544163e-001
7.224036e+003,7.526320e-001
7.227894e+003,7.539721e-001
7.231750e+003,7.533195e-001
7.235607e+003,7.511944e-001
7.239464e+003,7.512349e-001
7.243321e+003,7.517430e-001
7.247178e+003,7.505693e-001
7.251035e+003,7.509210e-001
7.254892e+003,7.505604e-001
7.258749e+003,7.500700e-001
7.262605e+003,7.490392e-001
7.266463e+003,7.497728e-001
7.270319e+003,7.509801e-001
7.274177e+003,7.510427e-001
7.278033e+003,7.523133e-001
7.281891e+003,7.518685e-001
7.285747e+003,7.508364e-001
7.289604e+003,7.510863e-001
7.293461e+003,7.516698e-001
7.297318e+003,7.516480e-001
7.301175e+003,7.510123e-001
7.305032e+003,7.514907e-001
7.308889e+003,7.525041e-001
7.312746e+003,7.499869e-001
7.316603e+003,7.470857e-001
7.320460e+003,7.474875e-001
7.324316e+003,7.475684e-001
7.328174e+003,7.482153e-001
7.332030e+003,7.485089e-001
7.335888e+003,7.480401e-001
7.339744e+003,7.485677e-001
7.343602e+003,7.469995e-001
7.347458e+003,7.462068e-001
7.351315e+003,7.454215e-001
7.355172e+003,7.452722e-001
7.359029e+003,7.430025e-001
7.362886e+003,7.410773e-001
7.366743e+003,7.413024e-001
7.370600e+003,7.397158e-001
7.374457e+003,7.394387e-001
7.378313e+003,7.395824e-001
7.382171e+003,7.372194e-001
7.386027e+003,7.368299e-001
7.389885e+003,7.373902e-001
7.393741e+003,7.369946e-001
7.397599e+003,7.359262e-001
7.401455e+003,7.334438e-001
7.405313e+003,7.327275e-001
7.409169e+003,7.314743e-001
7.413026e+003,7.313818e-001
7.416883e+003,7.318307e-001
7.420740e+003,7.300827e-001
7.424597e+003,7.285216e-001
7.428454e+003,7.295064e-001
7.432311e+003,7.291588e-001
7.436168e+003,7.285817e-001
7.440024e+003,7.277949e-001
7.443882e+003,7.269073e-001
7.447738e+003,7.251883e-001
7.451596e+003,7.243608e-001
7.455452e+003,7.252778e-001
7.459310e+003,7.237412e-001
7.463166e+003,7.229823e-001
7.467023e+003,7.222630e-001
7.470880e+003,7.208067e-001
7.474737e+003,7.198832e-001
7.478594e+003,7.201154e-001
7.482451e+003,7.187240e-001
7.486308e+003,7.191502e-001
7.490165e+003,7.193086e-001
7.494021e+003,7.194323e-001
7.497879e+003,7.195683e-001
7.501735e+003,7.194134e-001
7.505593e+003,7.180584e-001
7.509449e+003,7.171201e-001
7.513307e+003,7.174197e-001
7.517163e+003,7.174181e-001
7.521021e+003,7.164156e-001
7.524877e+003,7.160597e-001
7.528734e+003,7.162176e-001
7.532591e+003,7.145849e-001
7.536448e+003,7.141154e-001
7.540305e+003,7.134493e-001
7.544162e+003,7.124514e-001
7.548019e+003,7.128562e-001
7.551876e+003,7.117659e-001
7.555732e+003,7.128664e-001
7.559590e+003,7.131674e-001
7.563446e+003,7.114600e-001
7.567304e+003,7.109916e-001
7.571160e+003,7.118965e-001
7.575018e+003,7.122954e-001
7.578874e+003,7.117901e-001
7.582731e+003,7.111210e-001
7.586588e+003,7.111437e-001
7.590445e+003,7.109282e-001
7.594302e+003,7.098572e-001
7.598159e+003,7.094448e-001
7.602016e+003,7.088470e-001
7.605873e+003,7.090036e-001
7.609729e+003,7.090903e-001
7.613587e+003,7.092068e-001
7.617443e+003,7.097735e-001
7.621301e+003,7.090211e-001
7.625157e+003,7.082222e-001
7.629015e+003,7.099689e-001
7.632871e+003,7.102102e-001
7.636729e+003,7.097084e-001
7.640585e+003,7.089708e-001
7.644442e+003,7.105009e-001
7.648299e+003,7.104086e-001
7.652156e+003,7.083916e-001
7.656013e+003,7.068580e-001
7.659870e+003,7.070529e-001
7.663727e+003,7.071279e-001
7.667584e+003,7.079922e-001
7.671440e+003,7.095033e-001
7.675298e+003,7.095630e-001
7.679154e+003,7.090300e-001
7.683012e+003,7.087056e-001
7.686868e+003,7.075151e-001
7.690726e+003,7.075555e-001
7.694582e+003,7.082238e-001
7.698439e+003,7.093225e-001
7.702296e+003,7.083446e-001
7.706153e+003,7.085369e-001
7.710010e+003,7.098701e-001
7.713867e+003,7.091016e-001
7.717724e+003,7.101224e-001
7.721581e+003,7.100543e-001
7.725438e+003,7.087692e-001
7.729295e+003,7.076095e-001
7.733151e+003,7.100648e-001
7.737009e+003,7.126122e-001
7.740865e+003,7.112792e-001
7.744723e+003,7.108695e-001
7.748579e+003,7.106205e-001
7.752437e+003,7.109979e-001
7.756293e+003,7.106324e-001
7.760150e+003,7.084218e-001
7.764007e+003,7.085011e-001
7.767864e+003,7.095029e-001
7.771721e+003,7.100229e-001
7.775578e+003,7.110836e-001
7.779435e+003,7.111458e-001
7.783292e+003,7.108434e-001
7.787148e+003,7.100981e-001
7.791006e+003,7.103282e-001
7.794862e+003,7.093549e-001
7.798720e+003,7.102417e-001
7.802576e+003,7.116085e-001
7.806434e+003,7.097127e-001
7.810290e+003,7.098707e-001
7.814147e+003,7.110795e-001
7.818004e+003,7.110605e-001
7.821861e+003,7.111589e-001
7.825718e+003,7.117913e-001
7.829575e+003,7.113447e-001
7.833432e+003,7.107040e-001
7.837289e+003,7.113308e-001
7.841146e+003,7.118260e-001
7.845003e+003,7.132425e-001
7.848859e+003,7.130602e-001
7.852717e+003,7.129555e-001
7.856573e+003,7.129009e-001
7.860431e+003,7.122338e-001
7.864287e+003,7.133927e-001
7.868145e+003,7.146071e-001
7.872001e+003,7.132868e-001
7.875858e+003,7.120259e-001
7.879715e+003,7.134045e-001
7.883572e+003,7.123339e-001
7.887429e+003,7.131460e-001
7.891286e+003,7.163670e-001
7.895143e+003,7.143177e-001
7.899000e+003,7.133330e-001
7.902856e+003,7.141535e-001
7.906714e+003,7.135750e-001
7.910570e+003,7.131482e-001
7.914428e+003,7.139550e-001
7.918284e+003,7.136590e-001
7.922142e+003,7.132856e-001
7.925998e+003,7.150379e-001
7.929855e+003,7.151858e-001
7.933712e+003,7.149915e-001
7.937569e+003,7.161991e-001
7.941426e+003,7.164050e-001
7.945283e+003,7.140689e-001
7.949140e+003,7.124550e-001
7.952997e+003,7.131904e-001
7.956854e+003,7.137471e-001
7.960711e+003,7.127638e-001
7.964567e+003,7.125522e-001
7.968425e+003,7.142178e-001
7.972281e+003,7.141078e-001
7.976139e+003,7.141226e-001
7.979995e+003,7.135735e-001
7.983853e+003,7.104433e-001
7.987709e+003,7.112780e-001
7.991566e+003,7.134756e-001
7.995423e+003,7.155754e-001
7.999280e+003,7.156791e-001
8.003137e+003,7.159427e-001
8.006994e+003,7.161106e-001
8.010851e+003,7.157851e-001
8.014708e+003,7.163734e-001
8.018564e+003,7.160995e-001
8.022422e+003,7.161103e-001
8.026278e+003,7.178437e-001
8.030136e+003,7.164894e-001
8.033992e+003,7.164661e-001
8.037850e+003,7.164192e-001
8.041706e+003,7.161971e-001
8.045563e+003,7.173894e-001
8.049420e+003,7.206156e-001
8.053277e+003,7.187057e-001
8.057134e+003,7.189099e-001
8.060991e+003,7.196547e-001
8.064848e+003,7.192971e-001
8.068705e+003,7.187646e-001
8.072562e+003,7.195900e-001
8.076419e+003,7.188166e-001
8.080275e+003,7.176278e-001
8.084133e+003,7.186210e-001
8.087989e+003,7.197583e-001
8.091847e+003,7.174495e-001
8.095703e+003,7.169009e-001
8.099561e+003,7.195210e-001
8.103417e+003,7.198329e-001
8.107274e+003,7.195990e-001
8.111131e+003,7.218983e-001
8.114988e+003,7.245148e-001
8.118845e+003,7.235371e-001
8.122702e+003,7.215983e-001
8.126559e+003,7.215135e-001
8.130416e+003,7.220749e-001
8.134272e+003,7.231763e-001
8.138130e+003,7.231687e-001
8.141986e+003,7.234920e-001
8.145844e+003,7.247762e-001
8.149700e+003,7.255800e-001
8.153558e+003,7.252952e-001
8.157414e+003,7.262598e-001
8.161271e+003,7.262861e-001
8.165128e+003,7.253685e-001
8.168985e+003,7.248167e-001
8.172842e+003,7.257378e-001
8.176699e+003,7.272039e-001
8.180556e+003,7.265648e-001
8.184413e+003,7.260815e-001
8.188270e+003,7.259651e-001
8.192127e+003,7.277372e-001
8.195983e+003,7.283395e-001
8.199841e+003,7.291713e-001
8.203697e+003,7.301046e-001
8.207555e+003,7.306993e-001
8.211411e+003,7.309233e-001
8.215269e+003,7.297651e-001
8.219125e+003,7.279218e-001
8.222982e+003,7.291246e-001
8.226839e+003,7.312052e-001
8.230696e+003,7.315477e-001
8.234553e+003,7.309176e-001
8.238410e+003,7.306308e-001
8.242267e+003,7.305205e-001
8.246124e+003,7.301436e-001
8.249980e+003,7.307104e-001
8.253838e+003,7.290396e-001
8.257694e+003,7.278510e-001
8.261552e+003,7.307019e-001
8.265408e+003,7.334755e-001
8.269266e+003,7.339178e-001
8.273122e+003,7.315280e-001
8.276979e+003,7.323932e-001
8.280836e+003,7.342782e-001
8.284693e+003,7.328488e-001
8.288550e+003,7.298798e-001
8.292407e+003,7.293497e-001
8.296264e+003,7.295983e-001
8.300121e+003,7.303178e-001
8.303978e+003,7.301556e-001
8.307835e+003,7.303548e-001
8.311691e+003,7.318115e-001
8.315549e+003,7.339336e-001
8.319405e+003,7.325913e-001
8.323263e+003,7.321371e-001
8.327119e+003,7.332087e-001
8.330977e+003,7.327328e-001
8.334833e+003,7.337703e-001
8.338690e+003,7.334542e-001
8.342547e+003,7.326726e-001
8.346404e+003,7.329773e-001
8.350261e+003,7.294862e-001
8.354118e+003,7.291976e-001
8.357975e+003,7.294552e-001
8.361832e+003,7.300899e-001
8.365688e+003,7.307196e-001
8.369546e+003,7.309904e-001
8.373402e+003,7.303187e-001
8.377260e+003,7.302249e-001
8.381116e+003,7.295430e-001
8.384974e+003,7.263560e-001
8.388830e+003,7.277131e-001
8.392688e+003,7.290186e-001
8.396544e+003,7.293627e-001
8.400401e+003,7.291306e-001
8.404258e+003,7.285616e-001
8.408115e+003,7.285616e-001
8.411972e+003,7.299087e-001
8.415829e+003,7.299894e-001
8.419686e+003,7.281190e-001
8.423543e+003,7.257656e-001
8.427399e+003,7.252735e-001
8.431257e+003,7.271048e-001
8.435113e+003,7.287449e-001
8.438971e+003,7.262294e-001
8.442827e+003,7.255034e-001
8.446685e+003,7.263525e-001
8.450541e+003,7.278086e-001
8.454398e+003,7.278180e-001
8.458255e+003,7.272682e-001
8.462112e+003,7.293542e-001
8.465969e+003,7.276952e-001
8.469826e+003,7.232941e-001
8.473683e+003,7.209300e-001
8.477540e+003,7.200463e-001
8.481396e+003,7.190535e-001
8.485254e+003,7.200373e-001
8.489110e+003,7.191849e-001
8.492968e+003,7.204930e-001
8.496824e+003,7.220649e-001
8.500682e+003,7.199093e-001
8.504538e+003,7.180905e-001
8.508396e+003,7.172470e-001
8.512252e+003,7.153270e-001
8.516109e+003,7.140489e-001
8.519966e+003,7.156915e-001
8.523823e+003,7.153793e-001
8.527680e+003,7.134426e-001
8.531537e+003,7.154100e-001
8.535394e+003,7.168035e-001
8.539251e+003,7.169252e-001
8.543107e+003,7.147390e-001
8.546965e+003,7.163321e-001
8.550821e+003,7.166254e-001
8.554679e+003,7.141256e-001
8.558535e+003,7.150947e-001
8.562393e+003,7.130753e-001
8.566249e+003,7.103691e-001
8.570106e+003,7.128552e-001
8.573963e+003,7.137173e-001
8.577820e+003,7.106876e-001
8.581677e+003,7.103130e-001
8.585534e+003,7.112393e-001
8.589391e+003,7.090865e-001
8.593248e+003,7.091881e-001
8.597104e+003,7.086253e-001
8.600962e+003,7.088295e-001
8.604818e+003,7.093558e-001
8.608676e+003,7.107637e-001
8.612532e+003,7.084402e-001
8.616390e+003,7.038816e-001
8.620246e+003,7.037856e-001
8.624104e+003,7.065911e-001
8.627960e+003,7.067320e-001
8.631817e+003,7.043077e-001
8.635674e+003,7.034460e-001
8.639531e+003,7.017013e-001
8.643388e+003,7.022886e-001
8.647245e+003,7.032221e-001
8.651102e+003,7.016783e-001
8.654959e+003,7.018321e-001
8.658815e+003,7.024261e-001
8.662673e+003,7.029923e-001
8.666529e+003,7.030571e-001
8.670387e+003,6.982903e-001
8.674243e+003,6.967618e-001
8.678101e+003,6.988295e-001
8.681957e+003,6.982400e-001
8.685814e+003,6.977824e-001
8.689671e+003,6.996483e-001
8.693528e+003,6.990993e-001
8.697385e+003,6.975755e-001
8.701242e+003,6.967881e-001
8.705099e+003,6.974321e-001
8.708956e+003,6.996486e-001
8.712813e+003,6.980192e-001
8.716670e+003,6.965899e-001
8.720526e+003,6.958507e-001
8.724384e+003,6.965552e-001
8.728240e+003,6.965836e-001
8.732098e+003,6.963778e-001
8.735954e+003,6.951200e-001
8.739812e+003,6.927404e-001
8.743668e+003,6.931078e-001
8.747525e+003,6.954426e-001
8.751382e+003,6.958564e-001
8.755239e+003,6.950260e-001
8.759096e+003,6.941500e-001
8.762953e+003,6.917173e-001
8.766810e+003,6.919531e-001
8.770667e+003,6.934919e-001
8.774523e+003,6.928088e-001
8.778381e+003,6.921997e-001
8.782237e+003,6.948394e-001
8.786095e+003,6.943305e-001
8.789951e+003,6.921868e-001
8.793809e+003,6.911123e-001
8.797665e+003,6.905482e-001
8.801522e+003,6.908103e-001
8.805379e+003,6.887417e-001
8.809236e+003,6.877334e-001
8.813093e+003,6.894847e-001
8.816950e+003,6.898605e-001
8.820807e+003,6.903077e-001
8.824664e+003,6.896380e-001
8.828521e+003,6.857491e-001
8.832378e+003,6.847013e-001
8.836234e+003,6.851448e-001
8.840092e+003,6.852391e-001
8.843948e+003,6.879689e-001
8.847806e+003,6.862617e-001
8.851662e+003,6.862966e-001
8.855520e+003,6.864359e-001
8.859376e+003,6.868914e-001
8.863233e+003,6.896671e-001
8.867090e+003,6.888199e-001
8.870947e+003,6.876859e-001
8.874804e+003,6.892118e-001
8.878661e+003,6.893032e-001
8.882518e+003,6.903904e-001
8.886375e+003,6.884040e-001
8.890231e+003,6.885116e-001
8.894089e+003,6.887707e-001
8.897945e+003,6.888982e-001
8.901803e+003,6.893166e-001
8.905659e+003,6.891649e-001
8.909517e+003,6.894825e-001
8.913373e+003,6.885558e-001
8.917230e+003,6.857974e-001
8.921087e+003,6.848595e-001
8.924944e+003,6.882490e-001
8.928801e+003,6.902799e-001
8.932658e+003,6.877349e-001
8.936515e+003,6.842852e-001
8.940372e+003,6.873569e-001
8.944229e+003,6.894562e-001
8.948086e+003,6.873714e-001
8.951942e+003,6.869548e-001
8.955800e+003,6.881009e-001
8.959656e+003,6.887444e-001
8.963514e+003,6.879319e-001
8.967370e+003,6.896629e-001
8.971228e+003,6.896366e-001
8.975084e+003,6.873679e-001
8.978941e+003,6.881809e-001
8.982798e+003,6.884063e-001
8.986655e+003,6.883932e-001
8.990512e+003,6.906334e-001
8.994369e+003,6.904455e-001
8.998226e+003,6.885267e-001
9.002083e+003,6.868019e-001
9.005939e+003,6.869761e-001
9.009797e+003,6.853400e-001
9.013653e+003,6.835907e-001
9.017511e+003,6.865720e-001
9.021367e+003,6.884447e-001
9.025225e+003,6.896180e-001
9.029081e+003,6.870366e-001
9.032938e+003,6.870913e-001
9.036795e+003,6.846636e-001
9.040652e+003,6.850631e-001
9.044509e+003,6.875982e-001
9.048366e+003,6.870011e-001
9.052223e+003,6.861279e-001
9.056080e+003,6.856877e-001
9.059937e+003,6.869721e-001
9.063794e+003,6.887417e-001
9.067650e+003,6.909653e-001
9.071508e+003,6.892992e-001
9.075364e+003,6.875342e-001
9.079222e+003,6.879120e-001
9.083078e+003,6.882188e-001
9.086936e+003,6.895616e-001
9.090792e+003,6.878021e-001
9.094649e+003,6.869345e-001
9.098506e+003,6.882035e-001
9.102363e+003,6.859879e-001
9.106220e+003,6.863466e-001
9.110077e+003,6.873350e-001
9.113934e+003,6.883721e-001
9.117791e+003,6.899406e-001
9.121647e+003,6.878396e-001
9.125505e+003,6.867893e-001
9.129361e+003,6.884432e-001
9.133219e+003,6.860805e-001
9.137075e+003,6.894095e-001
9.140933e+003,6.907263e-001
9.144789e+003,6.871288e-001
9.148646e+003,6.857130e-001
9.152503e+003,6.878363e-001
9.156360e+003,6.892717e-001
9.160217e+003,6.882987e-001
9.164074e+003,6.893828e-001
9.167931e+003,6.908006e-001
9.171788e+003,6.911059e-001
9.175645e+003,6.914736e-001
9.179502e+003,6.904624e-001
9.183358e+003,6.916937e-001
9.187216e+003,6.898114e-001
9.191072e+003,6.913966e-001
9.194930e+003,6.899370e-001
9.198786e+003,6.889572e-001
9.202644e+003,6.903590e-001
9.206500e+003,6.903944e-001
9.210357e+003,6.889997e-001
9.214214e+003,6.871024e-001
9.218071e+003,6.882709e-001
9.221928e+003,6.886060e-001
9.225785e+003,6.867555e-001
9.229642e+003,6.876125e-001
9.233499e+003,6.885853e-001
9.237355e+003,6.905563e-001
9.241213e+003,6.914527e-001
9.245069e+003,6.902620e-001
9.248927e+003,6.906747e-001
9.252783e+003,6.895043e-001
9.256641e+003,6.894677e-001
9.260497e+003,6.898006e-001
9.264354e+003,6.908224e-001
9.268211e+003,6.893640e-001
9.272068e+003,6.912730e-001
9.275925e+003,6.938612e-001
9.279782e+003,6.925393e-001
9.283639e+003,6.913710e-001
9.287496e+003,6.932628e-001
9.291353e+003,6.955737e-001
9.295210e+003,6.955403e-001
9.299066e+003,6.926581e-001
9.302924e+003,6.947369e-001
9.306780e+003,6.938254e-001
9.310638e+003,6.948491e-001
9.314494e+003,6.907262e-001
9.318352e+003,6.886464e-001
9.322208e+003,6.918741e-001
9.326065e+003,6.947908e-001
9.329922e+003,6.939088e-001
9.333779e+003,6.924635e-001
9.337636e+003,6.904452e-001
9.341493e+003,6.903228e-001
9.345350e+003,6.885498e-001
9.349207e+003,6.910504e-001
9.353063e+003,6.938341e-001
9.356921e+003,6.929521e-001
9.360777e+003,6.929963e-001
9.364635e+003,6.919850e-001
9.368491e+003,6.911801e-001
9.372349e+003,6.908800e-001
9.376205e+003,6.913380e-001
9.380063e+003,6.955460e-001
9.383919e+003,6.956192e-001
9.387776e+003,6.947896e-001
9.391633e+003,6.956539e-001
9.395490e+003,6.908611e-001
9.399347e+003,6.921703e-001
9.403204e+003,6.940470e-001
9.407061e+003,6.946052e-001
9.410918e+003,6.946134e-001
9.414774e+003,6.953862e-001
9.418632e+003,6.934651e-001
9.422488e+003,6.923519e-001
9.426346e+003,6.941564e-001
9.430202e+003,6.946438e-001
9.434060e+003,6.939245e-001
9.437916e+003,6.935654e-001
9.441773e+003,6.958207e-001
9.445630e+003,6.960297e-001
9.449487e+003,6.947091e-001
9.453344e+003,6.973869e-001
9.457201e+003,6.957547e-001
9.461058e+003,6.907780e-001
9.464915e+003,6.895682e-001
9.468771e+003,6.915226e-001
9.472629e+003,6.913073e-001
9.476485e+003,6.920895e-001
9.480343e+003,6.961651e-001
9.484199e+003,6.978377e-001
9.488057e+003,6.994057e-001
9.491913e+003,7.023925e-001
9.495771e+003,6.995090e-001
9.499627e+003,6.965655e-001
9.503484e+003,6.980450e-001
9.507341e+003,6.993353e-001
9.511198e+003,6.976666e-001
9.515055e+003,6.948669e-001
9.518912e+003,6.948037e-001
9.522769e+003,6.970916e-001
9.526626e+003,6.984712e-001
9.530482e+003,6.996570e-001
9.534340e+003,6.984895e-001
9.538196e+003,6.986740e-001
9.542054e+003,6.993282e-001
9.545910e+003,6.973408e-001
9.549768e+003,6.939591e-001
9.553624e+003,6.958808e-001
9.557481e+003,6.983555e-001
9.561338e+003,7.009355e-001
9.565195e+003,7.000530e-001
9.569052e+003,6.961153e-001
9.572909e+003,6.936377e-001
9.576766e+003,6.969807e-001
9.580623e+003,6.994954e-001
9.584479e+003,6.974859e-001
9.588337e+003,6.948709e-001
9.592193e+003,6.946932e-001
9.596051e+003,6.977474e-001
9.599907e+003,6.985821e-001
9.603765e+003,6.979081e-001
9.607621e+003,6.982674e-001
9.611479e+003,6.992115e-001
9.615335e+003,6.983519e-001
9.619192e+003,6.982886e-001
9.623049e+003,6.993570e-001
9.626906e+003,6.990748e-001
9.630763e+003,6.999009e-001
9.634620e+003,6.990584e-001
9.638477e+003,6.978733e-001
9.642334e+003,6.984480e-001
9.646190e+003,6.977957e-001
9.650048e+003,6.971117e-001
9.653904e+003,6.994080e-001
9.657762e+003,6.997859e-001
9.661618e+003,6.983073e-001
9.665476e+003,6.997023e-001
9.669332e+003,7.029038e-001
9.673189e+003,7.000784e-001
9.677046e+003,7.000632e-001
9.680903e+003,7.024309e-001
9.684760e+003,7.034197e-001
9.688617e+003,7.024962e-001
9.692474e+003,6.990849e-001
9.696331e+003,6.974787e-001
9.700188e+003,6.998743e-001
9.704045e+003,7.021623e-001
9.707901e+003,7.046577e-001
9.711759e+003,7.021918e-001
9.715615e+003,6.998836e-001
9.719473e+003,7.007807e-001
9.723329e+003,7.003600e-001
9.727187e+003,7.011803e-001
9.731043e+003,7.004877e-001
9.734900e+003,7.013825e-001
9.738757e+003,7.030031e-001
9.742614e+003,7.013652e-001
9.746471e+003,7.033030e-001
9.750328e+003,7.020270e-001
9.754185e+003,6.999913e-001
9.758042e+003,7.035877e-001
9.761898e+003,7.087627e-001
9.765756e+003,7.066528e-001
9.769612e+003,7.021260e-001
9.773470e+003,7.030423e-001
9.777326e+003,7.016817e-001
9.781184e+003,7.010943e-001
9.785040e+003,7.028985e-001
9.788897e+003,7.047611e-001
9.792754e+003,7.027668e-001
9.796611e+003,6.995481e-001
9.800468e+003,7.005150e-001
9.804325e+003,7.043095e-001
9.808182e+003,7.049104e-001
9.812039e+003,7.065987e-001
9.815896e+003,7.077278e-001
9.819753e+003,7.054909e-001
9.823609e+003,7.040979e-001
9.827467e+003,7.083286e-001
9.831323e+003,7.080003e-001
9.835181e+003,7.049614e-001
9.839037e+003,7.042337e-001
9.842895e+003,7.037967e-001
9.846751e+003,7.047868e-001
9.850608e+003,7.054260e-001
9.854465e+003,7.035775e-001
9.858322e+003,7.046627e-001
9.862179e+003,7.049533e-001
9.866036e+003,7.032040e-001
9.869893e+003,7.056515e-001
9.873750e+003,7.083277e-001
9.877606e+003,7.044948e-001
9.881464e+003,7.017291e-001
9.885320e+003,7.064080e-001
9.889178e+003,7.084621e-001
9.893034e+003,7.077625e-001
9.896892e+003,7.089220e-001
9.900748e+003,7.062985e-001
9.904605e+003,7.067540e-001
9.908462e+003,7.071934e-001
9.912319e+003,7.064045e-001
9.916176e+003,7.060312e-001
9.920033e+003,7.050012e-001
9.923890e+003,7.052797e-001
9.927747e+003,7.110267e-001
9.931604e+003,7.148959e-001
9.935461e+003,7.101047e-001
9.939317e+003,7.028902e-001
9.943175e+003,7.047680e-001
9.947031e+003,7.029324e-001
9.950889e+003,7.017745e-001
9.954745e+003,7.066908e-001
9.958603e+003,7.075862e-001
9.962459e+003,7.065156e-001
9.966316e+003,7.084743e-001
9.970173e+003,7.088638e-001
9.974030e+003,7.057526e-001
9.977887e+003,7.070289e-001
9.981744e+003,7.074702e-001
9.985601e+003,7.061561e-001
9.989458e+003,7.054721e-001
9.993314e+003,7.087513e-001
9.997172e+003,7.138969e-001
1.000103e+004,7.127925e-001
